-0.09975
0.02528
0.01120
0.04291
0.04693
0.08758
0.10068
0.11966
0.11994
0.15278
0.15783
0.15792
0.15264
0.15869
0.14037
0.13889
0.13656
0.14334
0.19454
0.22094
0.22331
0.22975
0.23558
0.22322
0.23868
0.26874
0.30455
0.34036
0.34371
0.36073
0.36763
0.36929
0.35888
0.38807
0.40435
0.42982
0.44787
0.46893
0.49086
0.49971
0.51689
0.54410
0.56449
0.54596
0.54611
0.52793
0.53596
0.53325
0.56914
0.59470
0.63537
0.65099
0.67709
0.67153
0.65826
0.64001
0.64326
0.62927
0.63804
0.64041
0.66482
0.64257
0.65097
0.68157
0.69767
0.69016
0.71997
0.75569
0.76075
0.78697
0.80352
0.79616
0.80609
0.79902
0.79586
0.82187
0.85076
0.83253
0.84482
0.84884
0.84707
0.84832
0.87342
0.87030
0.86722
0.85294
0.85157
0.86664
0.87857
0.91767
0.94415
0.94624
0.92602
0.93662
0.92154
0.89872
0.91744
0.93528
0.91914
0.94156
0.94864
0.96066
0.97184
0.98156
0.96400
0.96435
0.96986
0.97236
0.96911
0.98973
1.02221
1.00910
0.99155
0.99450
0.99391
0.98171
0.96614
0.97998
1.00333
0.98789
0.98094
0.99817
1.00586
1.00721
1.02010
1.02800
1.01009
0.99728
1.00004
0.97201
0.97297
0.99371
0.99502
0.96464
0.99987
1.01454
1.00835
1.00333
1.01605
0.99095
0.98570
0.97396
0.97578
0.96504
0.98647
0.96146
0.97515
0.97624
0.96970
0.95718
0.97503
0.95742
0.95065
0.97417
0.94041
0.94206
0.94436
0.92150
0.90216
0.90369
0.89235
0.88909
0.90781
0.88877
0.90885
0.87408
0.84728
0.84444
0.84270
0.84012
0.83996
0.84222
0.81118
0.82087
0.80942
0.81898
0.82209
0.83879
0.81188
0.77645
0.74024
0.71060
0.70477
0.72046
0.71468
0.71069
0.72172
0.68127
0.64283
0.64360
0.65996
0.65606
0.66791
0.65689
0.64665
0.61501
0.60568
0.58573
0.59031
0.57212
0.57703
0.56028
0.56351
0.54206
0.54245
0.54729
0.54317
0.54428
0.53465
0.51703
0.47467
0.47560
0.44578
0.46691
0.44611
0.45264
0.40521
0.39295
0.37876
0.36521
0.36433
0.36045
0.34026
0.32194
0.32456
0.28493
0.28648
0.28953
0.26477
0.25489
0.25857
0.24665
0.24445
0.24727
0.24132
0.23391
0.21880
0.18723
0.14904
0.14113
0.12204
0.12314
0.10536
0.09304
0.07519
0.06839
0.04302
0.03481
0.03447
0.00093
-0.00994
-0.02141
-0.02321
-0.02790
-0.01148
-0.04769
-0.06167
-0.06430
-0.06799
-0.08807
-0.07740
-0.11117
-0.13160
-0.14142
-0.16579
-0.18448
-0.18631
-0.21836
-0.26534
-0.25540
-0.25631
-0.25092
-0.26379
-0.26712
-0.31073
-0.35369
-0.36974
-0.35501
-0.35811
-0.35512
-0.35354
-0.37888
-0.40465
-0.41793
-0.44123
-0.45607
-0.44983
-0.46716
-0.46534
-0.44420
-0.43324
-0.44473
-0.45617
-0.46230
-0.50630
-0.54926
-0.55743
-0.55893
-0.58270
-0.55984
-0.56979
-0.57628
-0.58113
-0.60256
-0.64645
-0.63887
-0.67444
-0.69851
-0.68402
-0.67548
-0.67838
-0.69199
-0.69290
-0.72342
-0.73436
-0.73780
-0.73055
-0.74339
-0.73933
-0.74611
-0.76166
-0.77417
-0.79706
-0.80397
-0.82881
-0.83558
-0.82418
-0.81195
-0.81744
-0.80851
-0.82503
-0.83481
-0.83889
-0.86090
-0.84880
-0.84490
-0.87523
-0.88822
-0.90294
-0.91700
-0.90959
-0.89745
-0.91644
-0.91350
-0.94584
-0.96304
-0.98681
-0.95844
-0.94132
-0.92378
-0.92444
-0.89936
-0.93631
-0.96933
-0.96824
-0.97562
-1.00413
-1.00497
-1.00601
-1.01195
-1.02543
-1.02363
-1.01369
-0.99597
-0.99065
-0.97367
-0.96688
-0.95848
-0.95417
-0.95127
-0.97862
-0.97519
-0.98409
-1.00626
-1.03706
-1.00872
-1.03120
-1.02995
-1.01677
-1.00959
-1.02116
-1.01392
-1.01755
-1.03488
-1.01331
-1.02835
-1.02435
-1.00347
-0.97012
-0.96873
-0.94209
-0.92642
-0.94091
-0.93972
-0.95927
-0.95143
-0.96366
-0.96476
-0.97383
-0.93992
-0.96850
-0.97047
-0.95536
-0.95572
-0.98693
-0.97417
-0.93707
-0.94390
-0.95012
-0.94377
-0.91158
-0.93862
-0.94048
-0.93829
-0.92399
-0.91868
-0.89982
-0.87814
-0.83624
-0.80968
-0.81824
-0.79370
-0.77633
-0.79121
-0.80714
-0.82101
-0.82623
-0.80820
-0.80046
-0.79336
-0.76216
-0.76491
-0.76755
-0.73738
-0.72118
-0.70045
-0.70171
-0.68266
-0.68752
-0.66450
-0.66794
-0.65332
-0.67274
-0.67206
-0.69381
-0.69053
-0.68320
-0.65587
-0.62706
-0.61461
-0.58877
-0.55536
-0.54380
-0.53550
-0.50641
-0.50086
-0.51098
-0.50033
-0.49251
-0.47171
-0.48692
-0.44684
-0.43751
-0.42717
-0.44360
-0.41143
-0.39685
-0.40882
-0.41455
-0.40057
-0.37172
-0.37313
-0.35202
-0.31430
-0.29353
-0.29309
-0.29717
-0.29061
-0.30582
-0.28756
-0.26710
-0.25940
-0.21730
-0.19699
-0.20235
-0.19483
-0.17986
-0.16461
-0.13883
-0.09479
-0.10519
-0.08132
-0.10766
-0.09616
-0.11389
-0.09359
-0.08686
-0.03476
-0.03222
-0.00673
