-0.09975
0.02528
-0.03621
0.09944
0.06725
0.05877
0.04539
0.16704
0.16493
0.16218
0.06015
0.20958
0.19233
0.16534
0.13582
0.09038
0.11799
0.18490
0.15373
0.16968
0.34639
0.24998
0.19677
0.18595
0.19882
0.28459
0.32728
0.34706
0.36500
0.37785
0.30137
0.41239
0.38153
0.37333
0.32578
0.44732
0.49378
0.50890
0.46356
0.43109
0.55695
0.53806
0.59480
0.59958
0.53305
0.46429
0.53881
0.50394
0.63972
0.51949
0.64372
0.66664
0.70729
0.71780
0.64999
0.61591
0.60030
0.61604
0.73404
0.58008
0.65972
0.61218
0.73809
0.62278
0.62207
0.81273
0.69269
0.70052
0.77183
0.80068
0.83804
0.82376
0.78328
0.73506
0.85031
0.80271
0.80793
0.91336
0.87948
0.75918
0.86414
0.82804
0.90453
0.88572
0.88466
0.84857
0.81260
0.83316
0.87887
0.95998
0.90825
1.00810
0.96555
0.88934
0.85887
0.96124
0.93271
0.85144
0.98294
0.94806
0.88056
1.04478
0.88684
1.04305
1.00396
0.92919
0.95694
0.88860
1.07059
1.01649
0.91293
1.06002
1.05102
1.00506
0.92873
0.92769
1.05705
0.99000
0.92724
0.99794
1.04443
0.97986
0.95521
1.01343
1.03637
1.05117
1.04430
0.99474
0.92389
0.97230
1.06496
0.90418
0.99954
1.02755
0.97886
0.91305
1.08033
1.07293
0.99660
0.95376
0.97663
0.95485
1.04666
0.93790
0.96285
0.92296
1.06198
0.92159
1.00636
0.96832
0.89025
0.99936
1.01088
0.91827
0.93451
1.00781
0.83057
1.01916
0.92976
0.82021
0.91109
0.83822
0.96245
0.91349
0.91381
0.81588
0.93862
0.78859
0.77951
0.89962
0.80714
0.92574
0.78781
0.79080
0.74439
0.85563
0.86849
0.83559
0.80634
0.82791
0.72106
0.69134
0.65457
0.65814
0.79876
0.79949
0.66242
0.63466
0.71329
0.59650
0.60730
0.66624
0.71646
0.69382
0.65574
0.55220
0.61504
0.55825
0.64717
0.55598
0.57512
0.52406
0.58284
0.56339
0.57213
0.46787
0.52600
0.60705
0.54278
0.57769
0.41974
0.43789
0.39525
0.54742
0.42860
0.52538
0.33388
0.42794
0.31025
0.36732
0.45443
0.26610
0.42357
0.29082
0.26640
0.36283
0.27919
0.22541
0.29857
0.28167
0.23901
0.22977
0.24384
0.23895
0.27067
0.25314
0.19998
0.20682
0.16338
0.11282
0.06219
0.16044
0.11139
0.16887
0.02390
0.00058
0.07119
0.07739
0.04205
-0.01717
-0.00111
-0.09649
0.02302
-0.01528
-0.02617
-0.02457
-0.01442
-0.15803
-0.08515
-0.03931
-0.04302
-0.11485
-0.10469
-0.25399
-0.14147
-0.09208
-0.23671
-0.19817
-0.26311
-0.30171
-0.32698
-0.18703
-0.20271
-0.23616
-0.36607
-0.34363
-0.40507
-0.41750
-0.31645
-0.29241
-0.35911
-0.39013
-0.40958
-0.44316
-0.42126
-0.42554
-0.50659
-0.48378
-0.41198
-0.50793
-0.41642
-0.40091
-0.42895
-0.46943
-0.56516
-0.44703
-0.62095
-0.64373
-0.51028
-0.57266
-0.56586
-0.50668
-0.69348
-0.54273
-0.59692
-0.67300
-0.72610
-0.65558
-0.72059
-0.71727
-0.60055
-0.68342
-0.67009
-0.78863
-0.72180
-0.75314
-0.73815
-0.68727
-0.75240
-0.78597
-0.73288
-0.77203
-0.76503
-0.81495
-0.90039
-0.76744
-0.89622
-0.79892
-0.75795
-0.83923
-0.79486
-0.85161
-0.88151
-0.80685
-0.85962
-0.90489
-0.79115
-0.86197
-0.95853
-0.92456
-0.97850
-0.86145
-0.82490
-0.89783
-1.01951
-0.96381
-1.02315
-0.91089
-1.01667
-0.87768
-0.87819
-0.93549
-0.91419
-0.89123
-1.06245
-1.04329
-0.93005
-0.95110
-1.03375
-1.06667
-1.04850
-0.95974
-1.01849
-1.02477
-1.01695
-0.95991
-0.93313
-0.93358
-0.99083
-0.97494
-0.93839
-0.91862
-1.07033
-0.97365
-1.01944
-1.04926
-1.07261
-0.92865
-1.08606
-1.01318
-0.98336
-1.03670
-0.98652
-1.04984
-1.03134
-1.06999
-0.92885
-1.06171
-1.02984
-0.92694
-0.90324
-0.92193
-0.92851
-0.95148
-0.99941
-0.89725
-1.01968
-0.88931
-1.01263
-1.00495
-0.94258
-0.85013
-1.03223
-1.02245
-0.92939
-0.94442
-1.00614
-0.96847
-0.83693
-0.96355
-0.97552
-0.97439
-0.80751
-0.97211
-0.97287
-0.96456
-0.90290
-0.78098
-0.87781
-0.86444
-0.75509
-0.77009
-0.82375
-0.75511
-0.77763
-0.82948
-0.84973
-0.89312
-0.78117
-0.68750
-0.79077
-0.81422
-0.73714
-0.79491
-0.70071
-0.63991
-0.73321
-0.63349
-0.80122
-0.60546
-0.66424
-0.61810
-0.65068
-0.72810
-0.70259
-0.66082
-0.72684
-0.63428
-0.69148
-0.56592
-0.51677
-0.66460
-0.50506
-0.52446
-0.50810
-0.47529
-0.51915
-0.47731
-0.57507
-0.45483
-0.43617
-0.41516
-0.55337
-0.37465
-0.40821
-0.38447
-0.49729
-0.39251
-0.30179
-0.46802
-0.41313
-0.42738
-0.24829
-0.30882
-0.36249
-0.22452
-0.32353
-0.24611
-0.32922
-0.32966
-0.30058
-0.23221
-0.14381
-0.29072
-0.11918
-0.19904
-0.25900
-0.10622
-0.21587
-0.04291
-0.07016
-0.03878
-0.15823
-0.09653
-0.17458
-0.01266
-0.12743
-0.05675
-0.06290
0.08596
